873810060
626307173
929826353
345251696
912857842
435094856
467905038
600290628
995317017
330591686
590514880
583605790
740147018
647124692
362703807
207149761
252897544
606603867
188750393
554950872
762540700
237328187
173722616
863966469
191548403
719680297
285302078
323969749
372510885
308895094
865496729
386157240
627614649
845703355
837977086
740787041
338579273
513507399
426854871
646107216
686339331
997692059
125237005
293838329
946266047
596717050
753316089
623594363
113620074
600714783
498577745
393984029
989946174
153501760
929724123
849529949
856488105
767371402
854478099
885265090
688035337
267708309
301884576
102464409
908615056
620882325
590105300
693703881
605118753
717452569
254954512
572451920
903151459
345377998
357493167
209745195
205672400
724751215
251874289
565312752
904633749
846301411
637246101
918100855
725856773
644879786
670448288
522941108
707110790
282445718
841420684
966822927
165559008
400355630
617370387
314930614
897867093
767061954
795287551
435850819
