446044147 38 8
446044217 36 42 4 52 30
446044220 36 42 4 52 30
446044274 51 26
481836829 11 204 59 58
738813212 42 54 204 34 207 15 43 22 17 40 3 10
738813214 23 18
738813215 1
738813216 15
738813219 204
738813221 35
738813223 54 10
738813224 29 12
738813225 54
738813226 28 23 49
738813229 25 55
738813231 38 13 7
738813232 6 32 28 8 25 41 21 16 36 3
738813235 42 30 4 52 36 26
738813238 42 44 30 4 52 18 36
738813241 204
738813244 38 8
738813248 42 44 30 4 52 18 36
738813251 38 8
738813258 19 24 16
738813264 37
738813278 42 54 204 207 15 43 17 40 10 11
738813283 41 31 55 33
738813293 47
738813296 42 54 15 43 17 10
738813300 49 8
738813307 54 31 207 4 15 8 55 17 36 47 10 1
738813310 207
738813325 6 207 8 48 52 12 206
738813332 5
738813333 3 25 41 6 32
738813335 29 44
738813337 207
738813341 24 27 16 18
738813344 31
738813348 30 9 41 49 1
738813351 206
738813355 23
738813358 6 32 28 8 25 41 3
738813360 23 38
738813364 17 15
738813365 42 30 207 52 38 26
738813366 46 28 53 25 45 56 14
738813369 17 7
738813370 45 14
738813372 31 55 33
738813375 50 31 55
738813379 28 23 49
738813391 4
738813394 45 50 14
738813397 44 18
738813398 42 54 204 34 207 15 43 22 17 40 3 10
738813402 42 54 204 34 207 15 43 22 17 40 3 10
738813403 13
738813406 204
738813409 49 34 32 39 16 20 26
738813413 29 12
738813414 39
738813415 31 55 33
738813417 41
738813427 23 18
738813432 31 55 33
738813434 204
738813437 11
738813446 3 11 40 34
738813449 44 18
738813452 20 5 29 13 32
738813460 23 31 26
738813466 48
738813467 26 18
738813469 41 31 55 33
738813481 23
738813487 54
738813497 4
738813509 6 32 28 25 41 21 3
738813512 31 55 33
738813514 26 35 12
738813516 207 11 40 204
738813523 24 27 16
738813528 43 53
738813535 49 34 32 39 16 20 26
738813539 20 29 32
738813541 15
738813542 35 9 8 31
738813543 204
738813546 4
738813550 17 4 15 55 1
738813552 51
738813553 49 30 28 9 55 13 27 24 26
738813554 48
738813555 13
738813557 50 22 33
738813560 54
738813561 26 35 12
738813562 204
738813563 51
738813564 19 24 36 8
738813565 36 42 4 44 18
738813567 28 22
738813569 22 2 21 27 39 19 1
738813571 37
738813572 23 2 38 41
738813574 47
738813577 9
738813579 207 204 55 48 51
738813580 3 11 40 43 52
738813582 47
738813584 29 12
738813585 207
738813586 44 29 2 21 27 19 1
738813588 207 48 52
738813589 49 34 32 16 20 26
738813591 5
738813592 207
738813593 44
738813594 5
738813598 33 22 12
738813600 207
738813601 28 2 9 1
738813603 28 13
738813605 19
738813607 54 10
738813608 5
738813610 28
738813615 31 34 4 23 8 40 14 18 36 11
738813617 31
738813618 3 25 41 6 32
738813621 20 49 34 32 26
738813622 50 22 33
738813626 48
738813627 24 27 16
738813628 34 32 30 28 9 13 20 38
738813629 42 30 4 52 36 26
738813630 13
738813631 204
738813635 36 5 37
738813636 34 32 7 25 20 38
738813638 50 31 55
738813639 31
738813640 19 24 207
738813641 3 11 34 22
738813645 24 27 16
738813649 20 29 32
738813650 9 14
738813651 204
738813652 37 22 39
738813654 23 22 25 33 18 38
738813660 29
738813662 17 54 15 10 43
738813664 207 11 40 204
738813665 30 9 49 1
738813670 19 24 207
738813671 34 32 30 28 9 13 7 20 38
738813673 17 54 15 10 43
738813674 54
738813676 51 9 18
738813681 6 32 28 25 41 21 3
738813683 36 42 44 18
738813684 25 55
738813685 17 15 43
738813687 52 23 30
738813688 15
738813690 22
738813692 2 9 1
738813694 20 5 29 13 32
738813696 35 51 44 26
738813697 19 24 55 48 51
738813698 15
738813700 204
738813704 20 29 32
738813705 28
738813706 41 31 55
738813712 17 15 43
738813713 13
738813715 48
738813717 6 32 28 207 29 8 12 25 41 21 16 36 3
738813718 9
738813720 204
738813722 36 5 37
738813723 45 9 40 34
738813726 54
738813727 17 54 15 10 43
738813730 46 13 30
738813733 44 5 29 2 21 27 19 1
738813734 5
738813735 9 38 40 32 1
738813740 48
738813742 47
738813744 19 24 16
738813745 207
738813746 25 9 27
738813747 207 52
738813748 34 32 50 13 7 25 18 20 38
738813749 20 29 32
738813750 45 50
738813751 41
738813753 44
738813755 207 11 40 204
738813758 49 34 32 28 35 16 20 26
738813759 207
738813761 17 54 15 10 43
738813762 207 52
738813767 54 10
738813768 38 55 13 30
738813770 42 30 4 52 36 26
738813771 44 28 35 23 21 18 51 26
738813773 2 34
738813775 207 52
738813777 23 31 18
738813778 207 11 204
738813781 23
738813784 35
738813785 45 14
738813787 54
738813790 24 27 16
738813791 204
738813792 35
738813793 4 23 8 40 18 11
738813795 23 14 22 18
738813797 29 12
738813798 33 22 12
738813799 35 39
738813801 54 10
738813803 31 55
738813805 20 29 32
738813807 204
738813809 44 5 50 29 39 33
738813812 45 27 14 30
738813814 17 15 43
738813816 28 45
738813818 207 52
738813822 31
738813823 17 15 43 46
738813825 46 35 53 7 45 27 14 38
738813826 22
738813827 11
738813830 48
738813831 29 44
738813832 207
738813833 51 18
738813834 54
738813836 42 54 15 43 17 10
738813839 39 206 6 8 12
738813840 42
738813844 49
738813848 35 50 9 27 18 26
738813849 11
738813853 1
738813854 54
738813857 15
738813858 25 41 6 32
738813859 204
738813861 23
738813864 25 9 27
738813865 49 34 32 28 35 16 20 26
738813866 42 49 204 44 43 55 48 45 51 3
738813867 4 23 8 40 14 18 11
738813870 207 40 204
738813872 14 22
738813877 30 9 41 49 1
738813879 25 27
738813880 33 35 9 26
738813882 3 25 41 6 32
738813883 3 49 1
738813884 23 31 26
738813885 204
738813886 36
738813891 5
738813892 36 31
738813894 6 32 28 8 25 41 21 16 3
738813897 4
738813898 51 18
738813901 47
738813903 54
738813907 207
738813910 33 12
738813928 30 28 7 45 27 14 38
738813931 11 8
738813934 24 27 16
738813938 29 12
738813943 29 12
738813948 20 29 32
738813950 19 24 207
738813955 54 34 207 4 15 23 8 22 55 17 40 14 18 3 47 10 11
738813966 30 7 45 27 14 38
738813967 42 30 4 52 36 26
738813968 48
738813971 33
738813973 2 41
738813975 44 28 35 23 21 18 51 26
738813977 45 14
738813981 31
738813983 54 10
738813989 48
738814001 33 9 18
738814005 5
738814007 31 55 33
738814010 23 18
738814013 15
738814016 35 38 8 31
738814020 204
738814023 35
738814032 207 48 52
738814034 35 24 16
738814039 51 26
738814058 38 13 7
738814060 25 27 55 30
738814064 47
738814066 54
738814069 47
738814072 204
738814080 51 9 18
738814083 25 55
738814085 29 12
738814114 44 22 39
738814120 23
738814132 25 55
738814139 204 207 55 48 51 19 24
738814142 19 24 16
738814147 30 35 7 27 14 38
738814152 47
738814176 207
738814185 35 3 23 43
738814187 3 42 43 204 55
738814201 207
738814212 51
738814220 49 34 32 39 16 20 26
738814222 55
738814236 21 27 22 39
738814240 2 49 34
738814245 15
738814247 30
738814248 204
738814251 54 10
738814255 19 24 36 38
738814263 2 22 39
738814268 42 30 207 52 38 26
738814277 28
738814280 33
738814281 3 25 41 6 32
738814284 5 29 44 39
738814285 31
738814288 4
738814289 25 55
738814290 6 32 28 8 25 41 21 16 36 3
738814292 18
738814295 204
738814297 36
738814298 44 9 2 21 18 51 1
738814302 38 8
738814303 23 38
738814304 23
738814305 31 4 15 50 8 55 17 41 36 1
738814307 5
738814309 51 26
738814312 33 50 27 18
738814313 19 24 207 48 51
738814314 207
738814318 14 22
738814321 38 8
738814322 43 53
738814323 29 22
738814324 6 207 37 8 12 36
738814329 41 31 55
738814331 4
738814332 51
738814333 5
738814341 30 207 4 52 38 26
738814342 48
738814343 51 22 18
738814344 25 27 55 30
738814345 9
738814349 36 31
738814350 25 55
738814358 39 206 6 8 12
738814363 26 18
738814364 34 32 30 28 9 13 7 25 27 20 38
738814367 5
738814369 15
738814370 44 28 35 23 21 18 51 26
738814371 204
738814372 35 24 16
738814376 17 15 43
738814378 41 31 55 33
738814380 44 5 29 2 21 27 19 1
738814382 19 24 207
738814384 38 13 7
738814386 25 55
738814388 4
738814390 204
738814393 50 33
738814394 45 14
738814396 25 55
738814397 36 42 4 52 30
738814398 26 35 12
738814402 37
738814403 54 10
738814407 6 207 37 8 12 206 36
738814410 44 5 29 2 21 27 19 1
738814411 54 10
738814414 26 50 9 27 18
738814419 47
738814420 33 23 22 12
738814422 49
738814424 207 11 40 204
738814425 35 24 16
738814427 207
738814428 6 207 8 48 52 12 206 39
738814430 41
738814431 11
738814432 207 11 40 204
738814437 207 204
738814445 2 41
738814447 54
738814448 36 42 4 44 18
738814451 15
738814453 207 40 204
738814459 35 51 44 26
738814460 23 2 18
738814461 45 9 14
738814463 23
738814465 25
738814467 5
738814469 41 31 55 33
738814475 4
738814477 35 3 11 43 52
738814478 2 9
738814479 2
738814480 51 9 18
738814481 204
738814482 36
738814483 28 23 2 9 1
738814485 207 40 204
738814487 35 24 16
738814490 6 32 28 25 41 21 3
738814494 6 32 28 25 41 21 3
738814496 23
738814497 4
738814498 207
738814500 11
738814501 2 41
738814502 42 54 204 34 207 15 43 22 17 40 3 10
738814503 23 38
738814504 23 18
738814510 48
738814512 17 15 43
738814514 44 28 35 23 21 18 51 26
738814515 26 35 12
738814516 9 49 26
738814519 19 24 36
738814520 1
738814524 36 45 2 40 34
738814526 45 14
738814528 49
738814530 207 11 40 204
738814532 8 12
738814533 29 12
738814536 26 35 12
738814538 26 50 9 27 18
738814539 41 31 55 33
738814543 15
738814544 33 22 12
738814545 204
738814549 31
738814550 54 10
738814551 54
738814552 38 8
738814555 34 32 50 13 25 18 20 38
738814556 39 38 13 7
738814558 55
738814561 44 28 35 23 21 18 51 26
738814562 55 30
738814563 204
738814565 33 23 49 22 18
738814566 45 14
738814568 23
738814569 48
738814573 37
738814575 24 27 16 18
738814586 23 18
738814587 31 34 4 23 8 40 18 11
738814590 23
738814593 24
738814596 47
738814598 36 9 8 31
738814601 47
738814607 50 33
738814610 207
738814612 27
738814617 23
738814624 5
738814627 52 9 11 40 30
738814628 207
738814636 38
738814639 207
738814645 42 54 15 43 17 10
738814647 15
738814659 45 14
738814667 46 28 53 25 45 56 14
738814670 18 23 1
738814673 23 38
738814677 30 50 27 18
738814679 30
738814680 4
738814681 31
738814683 23 18
738814705 51 9 18
738814717 38 8
738814719 23
738814723 204
738814728 36 37
738814732 21 27 22 39
738814747 49 34 32 39 16 20 26
738814748 1
738814750 4 52
738814755 49 204 44 35 55 48 45 51 19
738814765 45 14
738814775 204
738814781 11
738814782 35 3 23 43
738814794 19 24 207
738814805 9 49 26
738814814 30 7 45 27 14 38
738814817 52 4 23 30
738814829 207 11 40 204
738814830 54
738814832 36 5 37
738814833 19 44
738814839 23 18
738814842 9
738814845 54
738814850 30
738814858 36 42 4 52 30
738814864 9
738814870 26 35 12
738814872 23 11 40 34 18
738814876 23 38
738814878 15
738814879 42 30 207 4 52 38 26
738814882 204
738814885 17 15 43 46
738814887 31
738814891 48
738814893 54
738814894 31 55 33
738814907 207 204 55 48 51
738814911 13
738814916 25 55
738814923 35
738814926 41
738814929 204
738814934 36 5 37
738814939 42 54 204 207 15 43 17 40 10 11
738814943 49 32 5 29 13 20 26
738814946 36 45 40 34
738814947 54 10
738814962 42 204 207 43 55 3
738814966 5
738814969 11
738814974 48
738814976 49 30
738814978 48
738814979 54
738814982 47
738814984 54 10
738815004 28
738815007 207
738815012 19 24 36 38
738815019 29 12
738815021 42 30 207 52 38 26
738815022 4
738815025 15
738815031 41
738815036 44 5 50 29 39 33
738815039 9
738815043 207 40 204
738815046 29 12
738815055 207
738815077 19 24 207
738815085 207 40 204
738815089 26 18
738815092 51 9 18
738815095 13
738815098 20 29 32
738815106 23 31 18
738815110 30 50 27 18
738815117 51 18
738815121 30 33 23 22 12
738815123 28
738815124 3 11 38 43 52
738815125 54
738815133 9
738815137 204
738815139 36 5 37
738815143 3 49 38 1
738815144 29 12
738815145 45 14
738815146 33 50 27 18
738815147 42 54 15 43 17 10
738815149 54 4 15 50 8 17 36 47 10 1
738815157 54 10
738815162 15
738815164 42 204 207 43 55 3
738815166 204
738815167 207 11 40 204
738815168 41 31 55 33
738815169 45 2 9 34 40
738815172 207 40 204
738815177 17 15 43
738815180 10
738815185 6 32 28 29 8 12 25 41 21 16 3
738815188 34 32 50 13 25 18 20 38
738815189 17 15 43
738815191 51
738815205 22 51
738815207 15
738815208 54
738815209 207 11 40 204
738815210 50 33
738815211 207
738815214 51 18
738815218 42 204 34 43 55 3
738815222 54 10
738815225 29 44
738815228 5
738815241 30 55 13 25 27 38
738815247 49 32 5 29 13 20 26
738815249 19 24 36 38
738815254 28
738815257 19 24 16
738815261 54
738815264 15
738815268 34 32 23 25 45 2 18 38
738815270 204
738815271 14
738815278 49
738815280 4
738815281 35 3 43 52
738815286 51
738815289 13
738815293 31 55 33
738815298 37 22 39
738815300 48
738815312 8 31
738815315 21 16
738815319 23 18
738815321 56
738815325 36 42 44 18
738815328 35 50 9 27 18 26
738815334 42 49 44 35 43 45 2 3
738815338 54 10
738815339 4
738815358 5
738815362 47
738815365 33
738815368 46 13 30
738815371 207
738815373 36 9 31
738815376 2 37 22 39
738815378 49 32 5 29 13 20 26
738815382 44 28 35 21 51 26
738815384 50 33
738815385 41
738815387 29 12
738815388 15
738815389 54 10
738815390 42 54 204 34 207 15 43 22 17 40 3 10
738815393 207
738815394 9
738815395 54 10
738815397 2
738815406 14
738815407 36 4 23 18
738815420 48
738815421 9
738815423 30 9 41 49 1
738815424 18 23 1
738815425 17 54 15 10 43
738815427 38 8
738815430 42 30 207 52 38 26
738815438 48
738815442 37 22 39
738815444 35 38 8 31
738815447 25 55
738815457 54
738815459 54 10
738815461 204
738815462 35 24 16
738815464 11
738815467 25 55
738815469 34 32 9 25 45 2
738815474 35 3 11 43 52
738815478 23 18
738815480 54 10
738815482 38 13 7
738815491 23 22 18
738815494 47
738815497 30 35 53 7 45 27 14 38
738815498 204
738815502 50 33
738815504 45 50 22 33
738815511 20 29 32
738815513 207 11 40 204
738815527 41 31 55 33
738815528 48
738815531 45 14
738815534 30 35 45 27 14 38
738815537 47
738815541 54
738815542 35 24 16
738815544 207
738815565 35 38 8 31
738815568 23 18
738815570 207 40 204
738815574 39
738815577 45 50 33
738815583 22 51
738815592 207 52
738815593 42 54 15 43 17 10
738815600 25 27 55 30
738815603 54
738815609 15
738815613 19 24 16
738815617 204
738815627 48
738815633 35 38 8 31
738815636 2 37 22 39
738815643 29 12
738815658 19 24 8
738815660 204 207 55 48 51 19 24
738815662 9 11 38 40 52
738815665 49 34 32 39 16 20 26
738815668 11
738815669 36 37
738815670 204
738815672 36
738815674 29 12
738815676 45 50 22 33
738815678 9 8 31
738815679 49 34 32 28 35 16 20 26
738815681 2 41
738815682 31 4 15 55 17 41 36 1
738815684 5
738815685 2 9
738815686 47
738815688 207 52
738815689 207
738815690 45 50 22 33
738815693 34 32 50 22 25 33 18
738815694 45 27 14 30
738815698 29 12
738815699 25 50 34 22 32
738815704 45 14
738815706 24 16
738815707 44 29 2 21 27 19 1
738815713 45 50 22 33
738815714 31
738815715 33 35 26
738815716 33 35 9 26
738815717 44 9 29 12 2 21 18 51 1
738815718 9 49 26
738815720 31
738815721 25 27 55 30
738815727 25 50 34 22 32
738815734 51 22 18
738815735 15
738815737 51
738815738 204
738815740 35
738815746 33 35 9 26
738815750 41 31 55 33
738815751 4
738815754 38 13 7
738815756 48
738815757 47
738815759 49 23 45 2 18 36
738815760 204
738815762 49 6 32 9 52 25 40 3 11 1
738815763 4
738815768 46 28 35 53 7 25 45 56 27 14 38
738815769 45 9
738815771 49 34 4 2 40 11
738815774 54
738815775 17 15
738815776 25 40 32 1
738815777 46 35 53 7 45 27 14 38
738815778 47
738815783 49
738815785 51 9 18
738815786 207
738815787 11
738815788 50 33
738815789 22 2 21 27 39 19 1
738815790 207 40 204
738815794 207 204
738815796 34 32 50 13 7 25 18 20 38
738815797 29 12
738815799 30 28 9 55 13 7 24 38
738815800 42 54 204 34 15 43 22 17 40 3 10
738815802 54
738815806 44 28 35 23 21 18 51 26
738815807 23 38
738815808 15
738815809 28 2 9 1
738815810 40
738815811 17 15 43
738815812 54 10
738815813 46 35 53 7 45 27 14 38
738815814 4 23 8 40 14 18 11
738815815 14
738815817 19 24 16
738815820 45 23 2 34
738815822 33
738815823 25 2 41 34 32
738815825 44 28 35 21 51 26
738815826 9
738815828 9
738815829 36 31
738815831 5
738815835 34 32 30 28 9 13 25 27 20 38
738815836 204
738815837 36
738815838 49 32 5 29 13 20 26
738815841 28 49 30
738815843 49 30
738815844 4
738815845 23 52
738815847 19
738815851 23 18
738815853 207
738815855 45 9 14
738815856 5 29 22 2 21 27 39 19 1
738815857 49 34 32 28 35 16 20 26
738815858 24 27 16 18
738815859 15
738815862 42 54 204 207 15 43 17 40 10
738815864 206
738815865 8 206
738815866 42 54 15 43 17 10
738815869 47
738815870 44 29 2 21 27 19 1
738815872 39 206 6 8 12
738815874 54
738815875 34 9 45 40 38 1
738815877 50 33
738815878 17 15 43
738815880 19 24 36 38
738815881 25 55
738815884 8
738815889 35 38 8 31
839407896 3
839482553 3
1858361517 58
2281507512 1
2281508316 2
2281509486 3
2281509895 4
2281546948 5
2281546949 12
2457607209 33 50 27 18
2483253761 1
2483260116 1
2494864509 16
2494901613 16
2494987968 16
2495914590 16
2495914591 16
2496910263 27
2497017046 2
2517061523 11 204 202 59 58
2517062434 11 204 59 58
3392475797 35 28
